Material {
name: NewMaterial
textures: arm1Color, white, black, white, blue
textureTiling: 1.000000, 1.000000
baseColor: 1.000000, 1.000000, 1.000000, 1.000000
roughness: 0.000000
metalness: 0.000000
aoStrength: 0.000000
normalStrength: 0.000000
}

